c=

 Columns 1 to 18

    8   -5    6   77  -77   96  -74  -37   91 -100  -10  -59   28   85    0    0    0    0 

 Columns 19 to 20

    0    0 

A=

 Columns 1 to 18

  -67   13  -26   24  -32   36  -36   46   11   77  -64  -86   90   42    0    0    0    0 
  -42  -70   30  -74   59   35  -13    6   86  -54   12   91   68   82    0    0    0    0 
   97   80  -70   45   45  -34   22   55  -39  -20   70   31   58  -27    0    0    0    0 
  -45  -33  -35   44   34    6  100  -65   30   56   38  -25   -5  -46    0    0    0    0 
   59   60   92   58   83   75   74   87   70   59   63   97   52   85    1    0    0    0 
  -40   89   -9   79   32    3   44  -36   25  -86   30  -33   24  -84    0    1    0    0 
   82  -24 -100   30  -74    1   95  -57  -49   55  -89   90   45   50    0    0   -1    0 
   92   97  -44   35   35   48   77  -17   -9   74   16   70  -59   29    0    0    0    1 
   70   22    2   69    4   92  -74  -83   56  -69   88   69   32   69    0    0    0    0 
  -42   30   98   94    8  -46   70  -50  -14  -38   30   51   86   25    0    0    0    0 

 Columns 19 to 20

    0    0 
    0    0 
    0    0 
    0    0 
    0    0 
    0    0 
    0    0 
    0    0 
    1    0 
    0    1 

b=
   28  216  313   54 1015   39   54  445  348  303 

z*=
 -787.4866 

vb*=
  8 19  1 10 12  3  7  5 16 20 