OPT/GIA/FIB Curso 2022-23 : alumno  6
OPT/GIA/FIB Curso 2022-23, ejercicio implementacion del simplex : cjt. datos  6, problema PL 1
c=
 -10  -6  63 -10 -94 -96 -36  66  28  79 -86  40  56 -33   0   0   0   0   0   0 

A=
  10 -12  27  80  66  84 -63  26 -50  13 -79   8   3  72   0   0   0   0   0   0 
  50 -19  92  20  -7 -94  78 -95   7  12 -23 -23 -25  34   0   0   0   0   0   0 
 -77  68  70 -71  90 -14 -23  35  25 -28   5   2  41 -65   0   0   0   0   0   0 
 -25  95   3 -42  54 -96  50  64  42   4  55  87 -18 -40   0   0   0   0   0   0 
  96  83  50  99  67  99  64  86  95 100  84  92  51  76   1   0   0   0   0   0 
 -34  44 -72  25 -36  59  11  77 -10   2  44   8 -83  28   0   1   0   0   0   0 
 -96  28  41  52 -68  81   3  51  83 -98  62 -14  21 -63   0   0   1   0   0   0 
  13  18  80  86  82  97  64  98 -48  64 -14 -81  12  27   0   0   0   1   0   0 
 -48 -12  97  62 -11  24 -69  18 -54  94  73 -74 -69  44   0   0   0   0  -1   0 
 -43  41 -84  20  78  80 -42  90  35  46 -94  31  67  23   0   0   0   0   0  -1 

b=
  185    7   58  233 1143   64   84  499   74  247 

z*=
 -540.6343 

vb*=
 13 11 14  5  6  7 17 12  9 10 


OPT/GIA/FIB Curso 2022-23, ejercicio implementacion del simplex : cjt. datos  6, problema PL 2

c=

 -100  -64  -71  -36  -32   78  -63   32   -2   59  -94  -61   -5   37    0    0    0    0   0    0 

A=
 -91 -62 -54 -81 -27  98  76  42  67  93  15 -90  88  49   0   0   0   0   0   0 
 -37  31 -16  26  90  75 -49 -36  32  -1   0 -67  20  -3   0   0   0   0   0   0 
 -11  79 -81  53  14 -22   6  18  25 -79   4 -80 100   2   0   0   0   0   0   0 
 -49  -2  47  64 -96  32  37  38  45 -81 -43   2  70 -60   0   0   0   0   0   0 
  97  80  52  58  82  96  73  50  76  64  79  57  77  59   1   0   0   0   0   0 
 -59  33  99 -40  95  43 -10 -59  -4  -9 -60  47 100  37   0   1   0   0   0   0 
  60  25 -49  72 -76   7 -92 -40  -3 -60 100  66  -9  89   0   0   1   0   0   0 
 -15  52  51 -28  94 -87 -59 -61  -8  87 -68 -38  30  82   0   0   0  -1   0   0 
   4  -7   3  74  36  60   4  96  45  86 -82  58 -61  87   0   0   0   0   1   0 
  60  34  83  50 -20   2  59  -3 -20 -41  -6   7  85  95   0   0   0   0   0  -1 

b=
  123   65   28    4 1001  214   91   31  404  384 


OPT/GIA/FIB Curso 2022-23, ejercicio implementacion del simplex : cjt. datos  6, problema PL 3

c=
  11  79  -4  65  -6  51  73  -2 -32  75 -66   1 -66 -94   0   0   0   0   0   0 

A=
 -29  19 -81 -86  96  96  12  83  60  86 -72 -26 -78 -14   0   0   0   0   0   0 
  50  87 -22 -43 -85  73 -63  43   3  99 -23  45 -38 -35   0   0   0   0   0   0 
  57 -38  22  97  44 -44 -88  43  59   5   1 -96 -89  41   0   0   0   0   0   0 
  40 100  84  94 -95  27 -13 -30 -76  14  13 -82 -64  26   0   0   0   0   0   0 
 -60 -45 -26 -31  26  47  46  32  89  18  10 -55  38 -16  -1   0   0   0   0   0 
  79  52  27 -12  50 -12  71  80  25  61 -32  27 -75  14   0   1   0   0   0   0 
 -17 -17  84 -55  42  14  61 -63 -35  41 -72  69  -2 -37   0   0  -1   0   0   0 
  11  20  49  43  87  44  83  64  98  23  54  10  82  46   0   0   0   1   0   0 
  51  86  42  49  89  79  30  11  67   7  91  32  17  45   0   0   0   0   1   0 
  97  80  68  97  38  21  54  89  84  55  65   9  49  36   0   0   0   0   0   1 

b=
  66  91  14  38  72 356  12  36  21  75 

OPT/GIA/FIB Curso 2022-23, ejercicio implementacion del simplex : cjt. datos  6, problema PL 4

c=

 -88 -29 -17  -8 -67 -18 -32  -1 -97 -50 -52 -51 -60 -14   0   0   0   0   0   0   0   0  0   0 

A=

  44  23  19  47  41  96  81  94  21  69  36  33  73  29  -1   0   0   0   0   0   0   0  0   0 
  74  17  79  30  81  16  56  26   1  41  51  40  94  48   0  -1   0   0   0   0   0   0  0   0 
  89  90  82  88  37   9  33   7   1  80  60  40  70  55   0   0  -1   0   0   0   0   0  0   0
  48  47  16  47  12  17  63  80  82  85  96  85  39  83   0   0   0  -1   0   0   0   0  0   0 
  70  28  65  48   7  97  85  81  23  22  53  40  53  40   0   0   0   0  -1   0   0   0  0   0
  58  25  60  96  63  11  63  69  69  61  17  58  51  57   0   0   0   0   0  -1   0   0  0   0 
   2  22  73  10  26  42  84  24  79  48  63  46  26  36   0   0   0   0   0   0  -1   0  0   0 
   8  45  51  36  13  18  30  34  47  45  20  55  48  53   0   0   0   0   0   0   0  -1  0   0 
  43  89   7 100  55  75  27  33  82  88  39  51  48  19   0   0   0   0   0   0   0   0  -1   0 
  74  71  78  67  52  81  22  30  59  97  90  65  84  66   0   0   0   0   0   0   0   0  0  -1
   

b=
 705 653 740 799 711 757 580 502 755 935 

OPT/GIA/FIB Curso 2022-23 : alumno  47

OPT/GIA/FIB Curso 2022-23, ejercicio implementacion del simplex : cjt. datos 47, problema PL 1

c=
   2  18  23  67 -27  87  -8 -14  87  75 -94   9 -24 -65   0   0   0   0   0   0 

A=

   75   30   23  -61  -44   -3   90  -48   99  -42   50   73   23   31    0    0    0    0   0    0 
  -67  -56   67  -50   72  -41   16    9   34   41  -24   44    4   10    0    0    0    0   0    0 
  -25   -1   92   72    4   35   58  -16  -46  -43  -45  -82  -42   63    0    0    0    0   0    0 
   45  -55   73   84  -53   98  -26   46  -99   55  -73  -13   64  -79    0    0    0    0   0    0
   53   53   56   89   94   57   82   82   95   73   71  100   91   77    1    0    0    0   0    0  
   63  -28   74  -91  -26   36   30   90   79   96   -8  -98  -88   -4    0    1    0    0   0    0  
  -97    6   53  -14  -90    6   90  -90  -67   80   33   90   21   63    0    0   -1    0   0    0 
  -16   77   93   43   91  -58   88 -100  -40   81  -29   23  -91   52    0    0    0   -1   0    0 
  -49   80   30  -70   95  -42   50  -74   72   40  -91  -36   98  -36    0    0    0    0   1    0 
   51   -5  -39   24   76   50  -64  -72  -70  -15   18   24   45   98    0    0    0    0   0    1 


b=
  296   59   24   67 1074  126   83  213   68  122 

z*=
 -373.8064 

vb*=
 16 11 20  1 10  3  4 19 17 13 


OPT/GIA/FIB Curso 2022-23, ejercicio implementacion del simplex : cjt. datos 47, problema PL 2

c=
 -88  -4  90   5  35  60 -35 -48  93  91 -66 -92 -85  41   0   0   0   0   0   0 

A=
   6   8   4  62   5  22  98 -56  49 -64  14 -27  51  49   0   0   0   0   0   0 
 -20 -95  26  56  25   9  58  50  27 -18  47 -88  41 -47   0   0   0   0   0   0 
 -55 -12   6 -88  80  43  29   1 -10  44 -80  36 100  -4   0   0   0   0   0   0 
  82 -53 -23 -62  11   3 -88  92 -15  69  85  66 -48 -21   0   0   0   0   0   0 
  63  50  58  57  67  96  82  97  85  88  66  65  66  69   1   0   0   0   0   0 
  38  -3  44  81 -96  20  45 -46 -80 -80  89 -23  95  41   0   1   0   0   0   0 
  52  -9  22  70  82 -80  16 -37 -19 -42   5 -10 -51  89   0   0   1   0   0   0 
 -18  54 -59 100 -66  12  72  63  96 -31 -90 -69  49  40   0   0   0   1   0   0 
  93 -61  71 -66  81 -42  15 -40 -27 -19 100  16  32 -59   0   0   0   0  -1   0 
 -52   2 -41  -6 -27 -73  36  57 -15  36 -34  84  27  62   0   0   0   0   0   1 

b=
  221   71   90   98 1010  126   89  154   93   57 


OPT/GIA/FIB Curso 2022-23, ejercicio implementacion del simplex : cjt. datos 47, problema PL 3

c=
  23 -62 -44 -95  61  69  65  83  63  71 -38 -30  55 -90   0   0   0   0   0   0 

A=
 -87 -16  15   8  31 -16 -83  71  27  39  86  28 -18  31   0   0   0   0   0   0 
  69 -10  14 -82 -43 -90  31 -41 -36  41  92 -47  38  95   0   0   0   0   0   0 
 -42 -10 -12  27  25  85 -97 -23  77  24 -54  51  96 -46   0   0   0   0   0   0 
 -30  82 -22  62 -65  35  -3 -51  -5 -79  67  34  85  71   0   0   0   0   0   0 
 -58  45   6  60  27  91  53  61 -85  67  41 -50  56  55  -1   0   0   0   0   0 
 -25 -15  27  95 -40 -34  79 -39 -69  80 -19  12 -40  32   0   1   0   0   0   0 
  45   2  31  27 -18 -79  56  40   0  65  75  72  31 -55   0   0   1   0   0   0 
  13  34  57  47  26   8  36  15  74  56  14  56  75  63   0   0   0   1   0   0 
  19  21  12  77  87   8  72  76  53  23  98  40  27  18   0   0   0   0   1   0 
  51  40  83  34  50  57  85  96   5   4  41  20  13  11   0   0   0   0   0   1 

b=
 116  31 101 181 368  45 293  90  68  50 


OPT/GIA/FIB Curso 2022-23, ejercicio implementacion del simplex : cjt. datos 47, problema PL 4

c=


 -57 -10 -89 -78 -24 -44 -79 -33 -24 -78 -43  -8 -40  -6   0   0   0   0   0   0   0   0  0   0 

A=

  81  97  16  31  62  37  98  90   7  48  82  94   8  53  -1   0   0   0   0   0   0   0  0   0  
   0   3   0   7  93  43  67  86  51  96  37  91  35   2   0  -1   0   0   0   0   0   0  0   0  
 100  17  40  24  19  82  84  38  82  91  24  77  94  47   0   0  -1   0   0   0   0   0  0   0 
  99  23  61  70  24   9  11  11  47  70  87  72  53  72   0   0   0  -1   0   0   0   0  0   0 
  67  25  62  25  25  95  15  54  16  66  94  10  31  47   0   0   0   0  -1   0   0   0  0   0 
  54  54  81  78   1  62  33  97  13  23  96  71  18  99   0   0   0   0   0  -1   0   0  0   0 
  23  30  76  56  19  41  29  95  82  11  48  44  10  72   0   0   0   0   0   0  -1   0  0   0 
  41  10  80  96  48   0  19  73  50   3  16  13  99  36   0   0   0   0   0   0   0  -1  0   0 
  41  82  44  39  89  92   1  62  79  86  11  72  88  98   0   0   0   0   0   0   0   0  -1   0 
  94   1  13  20  17  50   3  67  13  80  52  65  77  39   0   0   0   0   0   0   0   0  0  -1 

b=
 803 610 818 708 631 779 635 583 883 590 


