c=
  80  77 -88 -23 -81  39  57  82   7  65  26 -53 -48  42   0   0   0   0   0   0 

A=

 Columns 1 to 18

  -96  -79   79  -69  -73   20   20   -4   62   17   64   22  -40   84    0    0    0    0 
   77   55   44   37  -30  -93   15  -11  -86   53  -40   18  100  -20    0    0    0    0 
   36   10  -58  -84  -22    4   67   73   -6  -50    1   96  -85   38    0    0    0    0 
  -48  -61  -49   17  -87   95   48   48   44   99   17  -50   98  -44    0    0    0    0 
   90   75   59   54   76   95   60   68   95   64   59   99   93   67    1    0    0    0 
   29   94   73    1  -52  -71   98  -66   67   88  -67  -38   71  -88    0    1    0    0 
   97   13  -35   75   96   -4   74   55  -50   76    1   65  -15   89    0    0    1    0 
  -68  -93   71   71 -100   14   77   49   59  -57  -33   12   44   46    0    0    0   -1 
  -24  -26   76   93  -12  -98  100   33   91    0  -78   80   38  -83    0    0    0    0 
   93   57   31   87   69   49  -76   -3  -23  -12   88   13  -95   88    0    0    0    0 

 Columns 19 to 20

    0    0 
    0    0 
    0    0 
    0    0 
    0    0 
    0    0 
    0    0 
    0    0 
   -1    0 
    0    1 

b=
    7  119   20  127 1055  140  538   91  189  367 

z*=
 -469.3125 

vb*=
 20  5 18 19  3 16 13 17 12  6 